   Eewald =     -283.2932161409687524
       EH =       35.5759962977823037
     Eloc =     -110.8330620794021542
      Enl =        2.7404902137092577
     EvdW =       -0.1043289799377192
      Exc =     -100.8450355342818483
 Exc_core =       57.6883730478930090
       KE =       93.0926933685947944
-------------------------------------
     Etot =     -305.9780898066111945
       TS =        0.0002465765325769
-------------------------------------
        F =     -305.9783363831437555
